1	1	-8
8	8	-9
9	9	1
8	9	-2
1	9	-2
2	2	-6
5	5	2
1	2	1
2	5	-2
1	5	-2
3	3	-6
6	6	2
1	3	1
3	6	-2
1	6	-2
4	4	-6
7	7	2
1	4	1
4	7	-2
1	7	-2
10	10	2
2	8	1
8	10	-2
2	10	-2
11	11	2
3	8	1
8	11	-2
3	11	-2
12	12	2
4	8	1
8	12	-2
4	12	-2
42	42	-8
1	42	1
13	42	-2
1	13	-2
14	14	2
8	42	1
14	42	-2
8	14	-2
15	15	2
15	42	-2
2	15	-2
16	16	2
3	42	1
16	42	-2
3	16	-2
17	17	2
4	42	1
17	42	-2
4	17	-2
18	18	-6
1	18	1
18	19	-2
1	19	-2
20	20	2
8	18	1
18	20	-2
8	20	-2
21	21	2
2	18	1
18	21	-2
2	21	-2
22	22	2
3	18	1
18	22	-2
3	22	-2
23	23	2
4	18	1
18	23	-2
4	23	-2
24	24	-6
1	24	1
24	25	-2
1	25	-2
26	26	2
8	24	1
24	26	-2
8	26	-2
2	24	1
24	27	-2
2	27	-2
3	24	1
24	28	-2
3	28	-2
4	24	1
24	29	-2
4	29	-2
30	30	-6
31	31	1
1	30	1
30	31	-2
1	31	-2
32	32	1
8	30	1
30	32	-2
8	32	-2
33	33	1
2	30	1
30	33	-2
2	33	-2
34	34	1
3	30	1
30	34	-2
3	34	-2
35	35	1
4	30	1
30	35	-2
4	35	-2
36	36	-2
36	37	-2
1	37	-2
39	39	2
37	39	-2
9	39	-2
38	38	-3
38	41	-2
8	41	-2
40	40	-3
43	43	2
40	43	-2
2	43	-2
45	45	2
42	45	-2
9	45	-2
44	44	-2
46	46	2
44	46	-2
9	46	-2
48	48	2
41	48	-2
39	48	-2
47	47	-3
47	50	-2
43	50	-2
49	49	-3
52	52	2
49	52	-2
45	52	-2
51	51	-3
54	54	2
51	54	-2
46	54	-2
53	53	-3
56	56	2
53	56	-2
42	56	-2
55	55	-3
58	58	2
55	58	-2
3	58	-2
57	57	-3
60	60	2
57	60	-2
5	60	-2
59	59	-3
62	62	2
59	62	-2
8	62	-2
61	61	-3
63	63	2
13	61	2
61	63	-2
13	63	-2
65	65	2
50	65	-2
48	65	-2
64	64	-3
64	67	-2
52	67	-2
66	66	-3
69	69	2
66	69	-2
54	69	-2
68	68	-3
71	71	2
68	71	-2
56	71	-2
70	70	-3
73	73	2
70	73	-2
58	73	-2
72	72	-3
75	75	2
72	75	-2
60	75	-2
74	74	-3
77	77	2
74	77	-2
62	77	-2
76	76	-3
79	79	2
76	79	-2
63	79	-2
78	78	-3
81	81	2
78	81	-2
4	81	-2
80	80	-3
83	83	2
80	83	-2
6	83	-2
82	82	-3
85	85	2
82	85	-2
10	85	-2
84	84	-3
87	87	2
84	87	-2
14	87	-2
86	86	-3
88	88	2
19	86	2
86	88	-2
19	88	-2
90	90	2
67	90	-2
65	90	-2
89	89	-3
89	92	-2
69	92	-2
91	91	-3
94	94	2
91	94	-2
71	94	-2
93	93	-3
96	96	2
93	96	-2
73	96	-2
95	95	-3
98	98	2
95	98	-2
75	98	-2
97	97	-3
100	100	2
97	100	-2
77	100	-2
99	99	-3
102	102	2
99	102	-2
79	102	-2
101	101	-3
104	104	2
101	104	-2
81	104	-2
103	103	-3
106	106	2
103	106	-2
83	106	-2
105	105	-3
108	108	2
105	108	-2
85	108	-2
107	107	-3
110	110	2
107	110	-2
87	110	-2
109	109	-3
112	112	2
109	112	-2
88	112	-2
111	111	-3
114	114	2
111	114	-2
7	114	-2
113	113	-3
116	116	2
113	116	-2
11	116	-2
115	115	-3
118	118	2
115	118	-2
15	118	-2
117	117	-3
120	120	2
117	120	-2
20	120	-2
119	119	-3
121	121	2
25	119	2
119	121	-2
25	121	-2
123	123	2
92	123	-2
90	123	-2
122	122	-3
122	125	-2
94	125	-2
124	124	-3
127	127	2
124	127	-2
96	127	-2
126	126	-3
129	129	2
126	129	-2
98	129	-2
128	128	-3
131	131	2
128	131	-2
100	131	-2
130	130	-3
133	133	2
130	133	-2
102	133	-2
132	132	-3
135	135	2
132	135	-2
104	135	-2
134	134	-3
137	137	2
134	137	-2
106	137	-2
136	136	-3
139	139	2
136	139	-2
108	139	-2
138	138	-3
141	141	2
138	141	-2
110	141	-2
140	140	-3
143	143	2
140	143	-2
112	143	-2
142	142	-3
145	145	2
142	145	-2
114	145	-2
144	144	-3
147	147	2
144	147	-2
116	147	-2
146	146	-3
149	149	2
146	149	-2
118	149	-2
148	148	-3
151	151	2
148	151	-2
120	151	-2
150	150	-3
153	153	2
150	153	-2
121	153	-2
152	152	-3
155	155	2
152	155	-2
12	155	-2
154	154	-3
157	157	2
154	157	-2
16	157	-2
156	156	-3
159	159	2
156	159	-2
21	159	-2
158	158	-3
160	160	2
158	160	-2
26	160	-2
162	162	2
125	162	-2
123	162	-2
161	161	-3
161	164	-2
127	164	-2
163	163	-3
166	166	2
163	166	-2
129	166	-2
165	165	-3
168	168	2
165	168	-2
131	168	-2
167	167	-3
170	170	2
167	170	-2
133	170	-2
169	169	-3
172	172	2
169	172	-2
135	172	-2
171	171	-3
174	174	2
171	174	-2
137	174	-2
173	173	-3
176	176	2
173	176	-2
139	176	-2
175	175	-3
178	178	2
175	178	-2
141	178	-2
177	177	-3
180	180	2
177	180	-2
143	180	-2
179	179	-3
182	182	2
179	182	-2
145	182	-2
181	181	-3
184	184	2
181	184	-2
147	184	-2
183	183	-3
186	186	2
183	186	-2
149	186	-2
185	185	-3
188	188	2
185	188	-2
151	188	-2
187	187	-3
190	190	2
187	190	-2
153	190	-2
189	189	-3
192	192	2
189	192	-2
155	192	-2
191	191	-3
194	194	2
191	194	-2
157	194	-2
193	193	-3
196	196	2
193	196	-2
159	196	-2
195	195	-3
198	198	2
195	198	-2
160	198	-2
197	197	-3
200	200	2
197	200	-2
31	200	-2
199	199	-3
202	202	2
199	202	-2
17	202	-2
201	201	-3
204	204	2
201	204	-2
22	204	-2
203	203	-3
205	205	2
27	203	2
203	205	-2
27	205	-2
207	207	2
164	207	-2
162	207	-2
206	206	-3
206	209	-2
166	209	-2
208	208	-3
211	211	2
208	211	-2
168	211	-2
210	210	-3
213	213	2
210	213	-2
170	213	-2
212	212	-3
215	215	2
212	215	-2
172	215	-2
214	214	-3
217	217	2
214	217	-2
174	217	-2
216	216	-3
219	219	2
216	219	-2
176	219	-2
218	218	-3
221	221	2
218	221	-2
178	221	-2
220	220	-3
223	223	2
220	223	-2
180	223	-2
222	222	-3
225	225	2
222	225	-2
182	225	-2
224	224	-3
227	227	2
224	227	-2
184	227	-2
226	226	-3
229	229	2
226	229	-2
186	229	-2
228	228	-3
231	231	2
228	231	-2
188	231	-2
230	230	-3
233	233	2
230	233	-2
190	233	-2
232	232	-3
235	235	2
232	235	-2
192	235	-2
234	234	-3
237	237	2
234	237	-2
194	237	-2
236	236	-3
239	239	2
236	239	-2
196	239	-2
238	238	-3
241	241	2
238	241	-2
198	241	-2
240	240	-3
243	243	2
240	243	-2
200	243	-2
242	242	-3
245	245	2
242	245	-2
202	245	-2
244	244	-3
247	247	2
244	247	-2
204	247	-2
246	246	-3
249	249	2
246	249	-2
205	249	-2
248	248	-3
251	251	2
248	251	-2
23	251	-2
250	250	-3
252	252	2
28	250	2
250	252	-2
28	252	-2
254	254	2
209	254	-2
207	254	-2
253	253	-3
253	256	-2
211	256	-2
255	255	-3
258	258	2
255	258	-2
213	258	-2
257	257	-3
260	260	2
257	260	-2
215	260	-2
259	259	-3
262	262	2
259	262	-2
217	262	-2
261	261	-3
264	264	2
261	264	-2
219	264	-2
263	263	-3
266	266	2
263	266	-2
221	266	-2
265	265	-3
268	268	2
265	268	-2
223	268	-2
267	267	-3
270	270	2
267	270	-2
225	270	-2
269	269	-3
272	272	2
269	272	-2
227	272	-2
271	271	-3
274	274	2
271	274	-2
229	274	-2
273	273	-3
276	276	2
273	276	-2
231	276	-2
275	275	-3
278	278	2
275	278	-2
233	278	-2
277	277	-3
280	280	2
277	280	-2
235	280	-2
279	279	-3
282	282	2
279	282	-2
237	282	-2
281	281	-3
284	284	2
281	284	-2
239	284	-2
283	283	-3
286	286	2
283	286	-2
241	286	-2
285	285	-3
288	288	2
285	288	-2
243	288	-2
287	287	-3
290	290	2
287	290	-2
245	290	-2
289	289	-3
292	292	2
289	292	-2
247	292	-2
291	291	-3
294	294	2
291	294	-2
249	294	-2
293	293	-3
296	296	2
293	296	-2
251	296	-2
295	295	-3
298	298	2
295	298	-2
252	298	-2
297	297	-3
29	297	2
297	299	-2
29	299	-2
301	301	2
256	301	-2
254	301	-2
300	300	-3
300	303	-2
258	303	-2
302	302	-3
305	305	2
302	305	-2
260	305	-2
304	304	-3
307	307	2
304	307	-2
262	307	-2
306	306	-3
309	309	2
306	309	-2
264	309	-2
308	308	-3
311	311	2
308	311	-2
266	311	-2
310	310	-3
313	313	2
310	313	-2
268	313	-2
312	312	-3
315	315	2
312	315	-2
270	315	-2
314	314	-3
317	317	2
314	317	-2
272	317	-2
316	316	-3
319	319	2
316	319	-2
274	319	-2
318	318	-3
321	321	2
318	321	-2
276	321	-2
320	320	-3
323	323	2
320	323	-2
278	323	-2
322	322	-3
325	325	2
322	325	-2
280	325	-2
324	324	-3
327	327	2
324	327	-2
282	327	-2
326	326	-3
329	329	2
326	329	-2
284	329	-2
328	328	-3
331	331	2
328	331	-2
286	331	-2
330	330	-3
333	333	2
330	333	-2
288	333	-2
332	332	-3
335	335	2
332	335	-2
290	335	-2
334	334	-3
337	337	2
334	337	-2
292	337	-2
336	336	-3
339	339	2
336	339	-2
294	339	-2
338	338	-3
341	341	2
338	341	-2
296	341	-2
340	340	-3
343	343	2
340	343	-2
298	343	-2
342	342	-3
344	344	21
299	342	2
342	344	-2
299	344	-2
346	346	2
303	346	-2
301	346	-2
345	345	-3
345	348	-2
305	348	-2
347	347	-3
350	350	2
347	350	-2
307	350	-2
349	349	-3
352	352	2
349	352	-2
309	352	-2
351	351	-3
354	354	2
351	354	-2
311	354	-2
353	353	-3
356	356	2
353	356	-2
313	356	-2
355	355	-3
358	358	2
355	358	-2
315	358	-2
357	357	-3
360	360	2
357	360	-2
317	360	-2
359	359	-3
362	362	2
359	362	-2
319	362	-2
361	361	-3
364	364	2
361	364	-2
321	364	-2
363	363	-3
366	366	2
363	366	-2
323	366	-2
365	365	-3
368	368	2
365	368	-2
325	368	-2
367	367	-3
370	370	2
367	370	-2
327	370	-2
369	369	-3
372	372	2
369	372	-2
329	372	-2
371	371	-3
374	374	2
371	374	-2
331	374	-2
373	373	-3
376	376	2
373	376	-2
333	376	-2
375	375	-3
378	378	2
375	378	-2
335	378	-2
377	377	-3
380	380	2
377	380	-2
337	380	-2
379	379	-3
382	382	2
379	382	-2
339	382	-2
381	381	-3
384	384	2
381	384	-2
341	384	-2
383	383	-3
383	385	-2
343	385	-2
387	387	2
348	387	-2
346	387	-2
386	386	-3
386	389	-2
350	389	-2
388	388	-3
391	391	2
388	391	-2
352	391	-2
390	390	-3
393	393	2
390	393	-2
354	393	-2
392	392	-3
395	395	2
392	395	-2
356	395	-2
394	394	-3
397	397	2
394	397	-2
358	397	-2
396	396	-3
399	399	2
396	399	-2
360	399	-2
398	398	-3
401	401	2
398	401	-2
362	401	-2
400	400	-3
403	403	2
400	403	-2
364	403	-2
402	402	-3
405	405	2
402	405	-2
366	405	-2
404	404	-3
407	407	2
404	407	-2
368	407	-2
406	406	-3
409	409	2
406	409	-2
370	409	-2
408	408	-3
411	411	2
408	411	-2
372	411	-2
410	410	-3
413	413	2
410	413	-2
374	413	-2
412	412	-3
415	415	2
412	415	-2
376	415	-2
414	414	-3
417	417	2
414	417	-2
378	417	-2
416	416	-3
419	419	2
416	419	-2
380	419	-2
418	418	-3
421	421	2
418	421	-2
382	421	-2
420	420	-3
423	423	2
420	423	-2
384	423	-2
422	422	-3
385	422	2
422	424	-2
385	424	-2
426	426	2
389	426	-2
387	426	-2
425	425	-3
425	428	-2
391	428	-2
427	427	-3
430	430	2
427	430	-2
393	430	-2
429	429	-3
432	432	2
429	432	-2
395	432	-2
431	431	-3
434	434	2
431	434	-2
397	434	-2
433	433	-3
436	436	2
433	436	-2
399	436	-2
435	435	-3
438	438	2
435	438	-2
401	438	-2
437	437	-3
440	440	2
437	440	-2
403	440	-2
439	439	-3
442	442	2
439	442	-2
405	442	-2
441	441	-3
444	444	2
441	444	-2
407	444	-2
443	443	-3
446	446	2
443	446	-2
409	446	-2
445	445	-3
448	448	2
445	448	-2
411	448	-2
447	447	-3
450	450	2
447	450	-2
413	450	-2
449	449	-3
452	452	2
449	452	-2
415	452	-2
451	451	-3
454	454	2
451	454	-2
417	454	-2
453	453	-3
456	456	2
453	456	-2
419	456	-2
455	455	-3
458	458	2
455	458	-2
421	458	-2
457	457	-3
460	460	2
457	460	-2
423	460	-2
459	459	-3
424	459	2
459	461	-2
424	461	-2
463	463	2
428	463	-2
426	463	-2
462	462	-3
462	465	-2
430	465	-2
464	464	-3
467	467	2
464	467	-2
432	467	-2
466	466	-3
469	469	2
466	469	-2
434	469	-2
468	468	-3
471	471	2
468	471	-2
436	471	-2
470	470	-3
473	473	2
470	473	-2
438	473	-2
472	472	-3
475	475	2
472	475	-2
440	475	-2
474	474	-3
477	477	2
474	477	-2
442	477	-2
476	476	-3
479	479	2
476	479	-2
444	479	-2
478	478	-3
481	481	2
478	481	-2
446	481	-2
480	480	-3
483	483	2
480	483	-2
448	483	-2
482	482	-3
485	485	2
482	485	-2
450	485	-2
484	484	-3
487	487	2
484	487	-2
452	487	-2
486	486	-3
489	489	2
486	489	-2
454	489	-2
488	488	-3
491	491	2
488	491	-2
456	491	-2
490	490	-3
493	493	2
490	493	-2
458	493	-2
492	492	-3
495	495	2
492	495	-2
460	495	-2
494	494	-3
461	494	2
494	496	-2
461	496	-2
498	498	2
465	498	-2
463	498	-2
497	497	-3
497	500	-2
467	500	-2
499	499	-3
502	502	2
499	502	-2
469	502	-2
501	501	-3
504	504	2
501	504	-2
471	504	-2
503	503	-3
506	506	2
503	506	-2
473	506	-2
505	505	-3
508	508	2
505	508	-2
475	508	-2
507	507	-3
510	510	2
507	510	-2
477	510	-2
509	509	-3
512	512	2
509	512	-2
479	512	-2
511	511	-3
514	514	2
511	514	-2
481	514	-2
513	513	-3
516	516	2
513	516	-2
483	516	-2
515	515	-3
518	518	2
515	518	-2
485	518	-2
517	517	-3
520	520	2
517	520	-2
487	520	-2
519	519	-3
522	522	2
519	522	-2
489	522	-2
521	521	-3
524	524	2
521	524	-2
491	524	-2
523	523	-3
526	526	2
523	526	-2
493	526	-2
525	525	-3
528	528	2
525	528	-2
495	528	-2
527	527	-3
496	527	2
527	529	-2
496	529	-2
531	531	2
500	531	-2
498	531	-2
530	530	-3
530	533	-2
502	533	-2
532	532	-3
535	535	2
532	535	-2
504	535	-2
534	534	-3
537	537	2
534	537	-2
506	537	-2
536	536	-3
539	539	2
536	539	-2
508	539	-2
538	538	-3
541	541	2
538	541	-2
510	541	-2
540	540	-3
543	543	2
540	543	-2
512	543	-2
542	542	-3
545	545	2
542	545	-2
514	545	-2
544	544	-3
547	547	2
544	547	-2
516	547	-2
546	546	-3
549	549	2
546	549	-2
518	549	-2
548	548	-3
551	551	2
548	551	-2
520	551	-2
550	550	-3
553	553	2
550	553	-2
522	553	-2
552	552	-3
555	555	2
552	555	-2
524	555	-2
554	554	-3
557	557	2
554	557	-2
526	557	-2
556	556	-3
559	559	2
556	559	-2
528	559	-2
558	558	-3
529	558	2
558	560	-2
529	560	-2
562	562	2
533	562	-2
531	562	-2
561	561	-3
561	564	-2
535	564	-2
563	563	-3
566	566	2
563	566	-2
537	566	-2
565	565	-3
568	568	2
565	568	-2
539	568	-2
567	567	-3
570	570	2
567	570	-2
541	570	-2
569	569	-3
572	572	2
569	572	-2
543	572	-2
571	571	-3
574	574	2
571	574	-2
545	574	-2
573	573	-3
576	576	2
573	576	-2
547	576	-2
575	575	-3
578	578	2
575	578	-2
549	578	-2
577	577	-3
580	580	2
577	580	-2
551	580	-2
579	579	-3
582	582	2
579	582	-2
553	582	-2
581	581	-3
584	584	2
581	584	-2
555	584	-2
583	583	-3
586	586	2
583	586	-2
557	586	-2
585	585	-3
588	588	2
585	588	-2
559	588	-2
587	587	-3
560	587	2
587	589	-2
560	589	-2
591	591	2
564	591	-2
562	591	-2
590	590	-3
590	593	-2
566	593	-2
592	592	-3
595	595	2
592	595	-2
568	595	-2
594	594	-3
597	597	2
594	597	-2
570	597	-2
596	596	-3
599	599	2
596	599	-2
572	599	-2
598	598	-3
601	601	2
598	601	-2
574	601	-2
600	600	-3
603	603	2
600	603	-2
576	603	-2
602	602	-3
605	605	2
602	605	-2
578	605	-2
604	604	-3
607	607	2
604	607	-2
580	607	-2
606	606	-3
609	609	2
606	609	-2
582	609	-2
608	608	-3
611	611	2
608	611	-2
584	611	-2
610	610	-3
613	613	2
610	613	-2
586	613	-2
612	612	-3
615	615	2
612	615	-2
588	615	-2
614	614	-3
589	614	2
614	616	-2
589	616	-2
618	618	2
593	618	-2
591	618	-2
617	617	-3
617	620	-2
595	620	-2
619	619	-3
622	622	2
619	622	-2
597	622	-2
621	621	-3
624	624	2
621	624	-2
599	624	-2
623	623	-3
626	626	2
623	626	-2
601	626	-2
625	625	-3
628	628	2
625	628	-2
603	628	-2
627	627	-3
630	630	2
627	630	-2
605	630	-2
629	629	-3
632	632	2
629	632	-2
607	632	-2
631	631	-3
634	634	2
631	634	-2
609	634	-2
633	633	-3
636	636	2
633	636	-2
611	636	-2
635	635	-3
638	638	2
635	638	-2
613	638	-2
637	637	-3
640	640	2
637	640	-2
615	640	-2
639	639	-3
616	639	2
639	641	-2
616	641	-2
643	643	2
620	643	-2
618	643	-2
642	642	-3
642	645	-2
622	645	-2
644	644	-3
647	647	2
644	647	-2
624	647	-2
646	646	-3
649	649	2
646	649	-2
626	649	-2
648	648	-3
651	651	2
648	651	-2
628	651	-2
650	650	-3
653	653	2
650	653	-2
630	653	-2
652	652	-3
655	655	2
652	655	-2
632	655	-2
654	654	-3
657	657	2
654	657	-2
634	657	-2
656	656	-3
659	659	2
656	659	-2
636	659	-2
658	658	-3
661	661	2
658	661	-2
638	661	-2
660	660	-3
663	663	2
660	663	-2
640	663	-2
662	662	-3
641	662	2
662	664	-2
641	664	-2
666	666	2
645	666	-2
643	666	-2
665	665	-3
665	668	-2
647	668	-2
667	667	-3
670	670	2
667	670	-2
649	670	-2
669	669	-3
672	672	2
669	672	-2
651	672	-2
671	671	-3
674	674	2
671	674	-2
653	674	-2
673	673	-3
676	676	2
673	676	-2
655	676	-2
675	675	-3
678	678	2
675	678	-2
657	678	-2
677	677	-3
680	680	2
677	680	-2
659	680	-2
679	679	-3
682	682	2
679	682	-2
661	682	-2
681	681	-3
684	684	2
681	684	-2
663	684	-2
683	683	-3
664	683	2
683	685	-2
664	685	-2
687	687	2
668	687	-2
666	687	-2
686	686	-3
686	689	-2
670	689	-2
688	688	-3
691	691	2
688	691	-2
672	691	-2
690	690	-3
693	693	2
690	693	-2
674	693	-2
692	692	-3
695	695	2
692	695	-2
676	695	-2
694	694	-3
697	697	2
694	697	-2
678	697	-2
696	696	-3
699	699	2
696	699	-2
680	699	-2
698	698	-3
701	701	2
698	701	-2
682	701	-2
700	700	-3
703	703	2
700	703	-2
684	703	-2
702	702	-3
685	702	2
702	704	-2
685	704	-2
706	706	2
689	706	-2
687	706	-2
705	705	-3
705	708	-2
691	708	-2
707	707	-3
710	710	2
707	710	-2
693	710	-2
709	709	-3
712	712	2
709	712	-2
695	712	-2
711	711	-3
714	714	2
711	714	-2
697	714	-2
713	713	-3
716	716	2
713	716	-2
699	716	-2
715	715	-3
718	718	2
715	718	-2
701	718	-2
717	717	-3
720	720	2
717	720	-2
703	720	-2
719	719	-3
704	719	2
719	721	-2
704	721	-2
723	723	2
708	723	-2
706	723	-2
722	722	-3
722	725	-2
710	725	-2
724	724	-3
727	727	2
724	727	-2
712	727	-2
726	726	-3
729	729	2
726	729	-2
714	729	-2
728	728	-3
731	731	2
728	731	-2
716	731	-2
730	730	-3
733	733	2
730	733	-2
718	733	-2
732	732	-3
735	735	2
732	735	-2
720	735	-2
734	734	-3
721	734	2
734	736	-2
721	736	-2
738	738	2
725	738	-2
723	738	-2
737	737	-3
737	740	-2
727	740	-2
739	739	-3
742	742	2
739	742	-2
729	742	-2
741	741	-3
744	744	2
741	744	-2
731	744	-2
743	743	-3
746	746	2
743	746	-2
733	746	-2
745	745	-3
748	748	2
745	748	-2
735	748	-2
747	747	-3
736	747	2
747	749	-2
736	749	-2
751	751	2
740	751	-2
738	751	-2
750	750	-3
750	753	-2
742	753	-2
752	752	-3
755	755	2
752	755	-2
744	755	-2
754	754	-3
757	757	2
754	757	-2
746	757	-2
756	756	-3
759	759	2
756	759	-2
748	759	-2
758	758	-3
749	758	2
758	760	-2
749	760	-2
762	762	2
753	762	-2
751	762	-2
761	761	-3
761	764	-2
755	764	-2
763	763	-3
766	766	2
763	766	-2
757	766	-2
765	765	-3
768	768	2
765	768	-2
759	768	-2
767	767	-3
769	769	1
760	767	2
767	769	-2
760	769	-2
764	772	-2
762	772	-2
771	771	-3
774	774	2
771	774	-2
766	774	-2
773	773	-3
776	776	2
773	776	-2
768	776	-2
779	779	2
772	779	-2
770	779	-2
778	778	-3
778	781	-2
774	781	-2
780	780	-3
783	783	2
780	783	-2
776	783	-2
777	777	-2
782	782	-3
784	784	2
777	782	2
782	784	-2
777	784	-2
787	787	4
781	787	-2
779	787	-2
786	786	-3
789	789	2
786	789	-2
783	789	-2
788	788	-3
791	791	4
788	791	-2
784	791	-2
785	785	-2
790	790	-3
792	792	2
785	790	2
790	792	-2
785	792	-2
793	793	-1
794	794	-1
792	794	2
8	36	1
795	795	2
8	795	-2
36	795	-2
1	795	2
37	38	1
9	38	-1
796	796	2
37	796	-2
38	796	-2
9	796	2
38	40	1
8	40	-1
797	797	2
38	797	-2
40	797	-2
8	797	2
40	42	1
798	798	2
40	798	-2
42	798	-2
2	798	2
42	44	1
799	799	2
42	799	-2
44	799	-2
9	799	2
41	47	1
39	47	-1
800	800	2
41	800	-2
47	800	-2
39	800	2
47	49	1
43	49	-1
801	801	2
47	801	-2
49	801	-2
43	801	2
49	51	1
45	51	-1
802	802	2
49	802	-2
51	802	-2
45	802	2
51	53	1
46	53	-1
803	803	2
51	803	-2
53	803	-2
46	803	2
53	55	1
42	55	-1
804	804	2
53	804	-2
55	804	-2
42	804	2
55	57	1
3	57	-1
805	805	2
55	805	-2
57	805	-2
3	805	2
57	59	1
5	59	-1
806	806	2
57	806	-2
59	806	-2
5	806	2
59	61	1
8	61	-1
807	807	2
59	807	-2
61	807	-2
8	807	2
13	18	1
18	61	1
808	808	2
13	808	-2
61	808	-2
18	808	-2
50	64	1
48	64	-1
809	809	2
50	809	-2
64	809	-2
48	809	2
64	66	1
52	66	-1
810	810	2
64	810	-2
66	810	-2
52	810	2
66	68	1
54	68	-1
811	811	2
66	811	-2
68	811	-2
54	811	2
68	70	1
56	70	-1
812	812	2
68	812	-2
70	812	-2
56	812	2
70	72	1
58	72	-1
813	813	2
70	813	-2
72	813	-2
58	813	2
72	74	1
60	74	-1
814	814	2
72	814	-2
74	814	-2
60	814	2
74	76	1
62	76	-1
815	815	2
74	815	-2
76	815	-2
62	815	2
76	78	1
63	78	-1
816	816	2
76	816	-2
78	816	-2
63	816	2
78	80	1
4	80	-1
817	817	2
78	817	-2
80	817	-2
4	817	2
80	82	1
6	82	-1
818	818	2
80	818	-2
82	818	-2
6	818	2
82	84	1
10	84	-1
819	819	2
82	819	-2
84	819	-2
10	819	2
84	86	1
14	86	-1
820	820	2
84	820	-2
86	820	-2
14	820	2
19	24	1
24	86	1
821	821	2
19	821	-2
86	821	-2
24	821	-2
67	89	1
65	89	-1
822	822	2
67	822	-2
89	822	-2
65	822	2
89	91	1
69	91	-1
823	823	2
89	823	-2
91	823	-2
69	823	2
91	93	1
71	93	-1
824	824	2
91	824	-2
93	824	-2
71	824	2
93	95	1
73	95	-1
825	825	2
93	825	-2
95	825	-2
73	825	2
95	97	1
75	97	-1
826	826	2
95	826	-2
97	826	-2
75	826	2
97	99	1
77	99	-1
827	827	2
97	827	-2
99	827	-2
77	827	2
99	101	1
79	101	-1
828	828	2
99	828	-2
101	828	-2
79	828	2
101	103	1
81	103	-1
829	829	2
101	829	-2
103	829	-2
81	829	2
103	105	1
83	105	-1
830	830	2
103	830	-2
105	830	-2
83	830	2
105	107	1
85	107	-1
831	831	2
105	831	-2
107	831	-2
85	831	2
107	109	1
87	109	-1
832	832	2
107	832	-2
109	832	-2
87	832	2
109	111	1
88	111	-1
833	833	2
109	833	-2
111	833	-2
88	833	2
111	113	1
7	113	-1
834	834	2
111	834	-2
113	834	-2
7	834	2
113	115	1
11	115	-1
835	835	2
113	835	-2
115	835	-2
11	835	2
115	117	1
15	117	-1
836	836	2
115	836	-2
117	836	-2
15	836	2
117	119	1
20	119	-1
837	837	2
117	837	-2
119	837	-2
20	837	2
25	30	1
30	119	1
838	838	2
25	838	-2
119	838	-2
30	838	-2
92	122	1
90	122	-1
839	839	2
92	839	-2
122	839	-2
90	839	2
122	124	1
94	124	-1
840	840	2
122	840	-2
124	840	-2
94	840	2
124	126	1
96	126	-1
841	841	2
124	841	-2
126	841	-2
96	841	2
126	128	1
98	128	-1
842	842	2
126	842	-2
128	842	-2
98	842	2
128	130	1
100	130	-1
843	843	2
128	843	-2
130	843	-2
100	843	2
130	132	1
102	132	-1
844	844	2
130	844	-2
132	844	-2
102	844	2
132	134	1
104	134	-1
845	845	2
132	845	-2
134	845	-2
104	845	2
134	136	1
106	136	-1
846	846	2
134	846	-2
136	846	-2
106	846	2
136	138	1
108	138	-1
847	847	2
136	847	-2
138	847	-2
108	847	2
138	140	1
110	140	-1
848	848	2
138	848	-2
140	848	-2
110	848	2
140	142	1
112	142	-1
849	849	2
140	849	-2
142	849	-2
112	849	2
142	144	1
114	144	-1
850	850	2
142	850	-2
144	850	-2
114	850	2
144	146	1
116	146	-1
851	851	2
144	851	-2
146	851	-2
116	851	2
146	148	1
118	148	-1
852	852	2
146	852	-2
148	852	-2
118	852	2
148	150	1
120	150	-1
853	853	2
148	853	-2
150	853	-2
120	853	2
150	152	1
121	152	-1
854	854	2
150	854	-2
152	854	-2
121	854	2
152	154	1
12	154	-1
855	855	2
152	855	-2
154	855	-2
12	855	2
154	156	1
16	156	-1
856	856	2
154	856	-2
156	856	-2
16	856	2
156	158	1
21	158	-1
857	857	2
156	857	-2
158	857	-2
21	857	2
31	158	1
26	31	-1
858	858	2
31	858	-2
158	858	-2
26	858	2
125	161	1
123	161	-1
859	859	2
125	859	-2
161	859	-2
123	859	2
161	163	1
127	163	-1
860	860	2
161	860	-2
163	860	-2
127	860	2
163	165	1
129	165	-1
861	861	2
163	861	-2
165	861	-2
129	861	2
165	167	1
131	167	-1
862	862	2
165	862	-2
167	862	-2
131	862	2
167	169	1
133	169	-1
863	863	2
167	863	-2
169	863	-2
133	863	2
169	171	1
135	171	-1
864	864	2
169	864	-2
171	864	-2
135	864	2
171	173	1
137	173	-1
865	865	2
171	865	-2
173	865	-2
137	865	2
173	175	1
139	175	-1
866	866	2
173	866	-2
175	866	-2
139	866	2
175	177	1
141	177	-1
867	867	2
175	867	-2
177	867	-2
141	867	2
177	179	1
143	179	-1
868	868	2
177	868	-2
179	868	-2
143	868	2
179	181	1
145	181	-1
869	869	2
179	869	-2
181	869	-2
145	869	2
181	183	1
147	183	-1
870	870	2
181	870	-2
183	870	-2
147	870	2
183	185	1
149	185	-1
871	871	2
183	871	-2
185	871	-2
149	871	2
185	187	1
151	187	-1
872	872	2
185	872	-2
187	872	-2
151	872	2
187	189	1
153	189	-1
873	873	2
187	873	-2
189	873	-2
153	873	2
189	191	1
155	191	-1
874	874	2
189	874	-2
191	874	-2
155	874	2
191	193	1
157	193	-1
875	875	2
191	875	-2
193	875	-2
157	875	2
193	195	1
159	195	-1
876	876	2
193	876	-2
195	876	-2
159	876	2
195	197	1
160	197	-1
877	877	2
195	877	-2
197	877	-2
160	877	2
197	199	1
31	199	-1
878	878	2
197	878	-2
199	878	-2
31	878	2
199	201	1
17	201	-1
879	879	2
199	879	-2
201	879	-2
17	879	2
201	203	1
22	203	-1
880	880	2
201	880	-2
203	880	-2
22	880	2
27	32	1
32	203	1
881	881	2
27	881	-2
203	881	-2
32	881	-2
164	206	1
162	206	-1
882	882	2
164	882	-2
206	882	-2
162	882	2
206	208	1
166	208	-1
883	883	2
206	883	-2
208	883	-2
166	883	2
208	210	1
168	210	-1
884	884	2
208	884	-2
210	884	-2
168	884	2
210	212	1
170	212	-1
885	885	2
210	885	-2
212	885	-2
170	885	2
212	214	1
172	214	-1
886	886	2
212	886	-2
214	886	-2
172	886	2
214	216	1
174	216	-1
887	887	2
214	887	-2
216	887	-2
174	887	2
216	218	1
176	218	-1
888	888	2
216	888	-2
218	888	-2
176	888	2
218	220	1
178	220	-1
889	889	2
218	889	-2
220	889	-2
178	889	2
220	222	1
180	222	-1
890	890	2
220	890	-2
222	890	-2
180	890	2
222	224	1
182	224	-1
891	891	2
222	891	-2
224	891	-2
182	891	2
224	226	1
184	226	-1
892	892	2
224	892	-2
226	892	-2
184	892	2
226	228	1
186	228	-1
893	893	2
226	893	-2
228	893	-2
186	893	2
228	230	1
188	230	-1
894	894	2
228	894	-2
230	894	-2
188	894	2
230	232	1
190	232	-1
895	895	2
230	895	-2
232	895	-2
190	895	2
232	234	1
192	234	-1
896	896	2
232	896	-2
234	896	-2
192	896	2
234	236	1
194	236	-1
897	897	2
234	897	-2
236	897	-2
194	897	2
236	238	1
196	238	-1
898	898	2
236	898	-2
238	898	-2
196	898	2
238	240	1
198	240	-1
899	899	2
238	899	-2
240	899	-2
198	899	2
240	242	1
200	242	-1
900	900	2
240	900	-2
242	900	-2
200	900	2
242	244	1
202	244	-1
901	901	2
242	901	-2
244	901	-2
202	901	2
244	246	1
204	246	-1
902	902	2
244	902	-2
246	902	-2
204	902	2
246	248	1
205	248	-1
903	903	2
246	903	-2
248	903	-2
205	903	2
248	250	1
23	250	-1
904	904	2
248	904	-2
250	904	-2
23	904	2
28	33	1
33	250	1
905	905	2
28	905	-2
250	905	-2
33	905	-2
209	253	1
207	253	-1
906	906	2
209	906	-2
253	906	-2
207	906	2
253	255	1
211	255	-1
907	907	2
253	907	-2
255	907	-2
211	907	2
255	257	1
213	257	-1
908	908	2
255	908	-2
257	908	-2
213	908	2
257	259	1
215	259	-1
909	909	2
257	909	-2
259	909	-2
215	909	2
259	261	1
217	261	-1
910	910	2
259	910	-2
261	910	-2
217	910	2
261	263	1
219	263	-1
911	911	2
261	911	-2
263	911	-2
219	911	2
263	265	1
221	265	-1
912	912	2
263	912	-2
265	912	-2
221	912	2
265	267	1
223	267	-1
913	913	2
265	913	-2
267	913	-2
223	913	2
267	269	1
225	269	-1
914	914	2
267	914	-2
269	914	-2
225	914	2
269	271	1
227	271	-1
915	915	2
269	915	-2
271	915	-2
227	915	2
271	273	1
229	273	-1
916	916	2
271	916	-2
273	916	-2
229	916	2
273	275	1
231	275	-1
917	917	2
273	917	-2
275	917	-2
231	917	2
275	277	1
233	277	-1
918	918	2
275	918	-2
277	918	-2
233	918	2
277	279	1
235	279	-1
919	919	2
277	919	-2
279	919	-2
235	919	2
279	281	1
237	281	-1
920	920	2
279	920	-2
281	920	-2
237	920	2
281	283	1
239	283	-1
921	921	2
281	921	-2
283	921	-2
239	921	2
283	285	1
241	285	-1
922	922	2
283	922	-2
285	922	-2
241	922	2
285	287	1
243	287	-1
923	923	2
285	923	-2
287	923	-2
243	923	2
287	289	1
245	289	-1
924	924	2
287	924	-2
289	924	-2
245	924	2
289	291	1
247	291	-1
925	925	2
289	925	-2
291	925	-2
247	925	2
291	293	1
249	293	-1
926	926	2
291	926	-2
293	926	-2
249	926	2
293	295	1
251	295	-1
927	927	2
293	927	-2
295	927	-2
251	927	2
295	297	1
252	297	-1
928	928	2
295	928	-2
297	928	-2
252	928	2
29	34	1
34	297	1
929	929	2
29	929	-2
297	929	-2
34	929	-2
256	300	1
254	300	-1
930	930	2
256	930	-2
300	930	-2
254	930	2
300	302	1
258	302	-1
931	931	2
300	931	-2
302	931	-2
258	931	2
302	304	1
260	304	-1
932	932	2
302	932	-2
304	932	-2
260	932	2
304	306	1
262	306	-1
933	933	2
304	933	-2
306	933	-2
262	933	2
306	308	1
264	308	-1
934	934	2
306	934	-2
308	934	-2
264	934	2
308	310	1
266	310	-1
935	935	2
308	935	-2
310	935	-2
266	935	2
310	312	1
268	312	-1
936	936	2
310	936	-2
312	936	-2
268	936	2
312	314	1
270	314	-1
937	937	2
312	937	-2
314	937	-2
270	937	2
314	316	1
272	316	-1
938	938	2
314	938	-2
316	938	-2
272	938	2
316	318	1
274	318	-1
939	939	2
316	939	-2
318	939	-2
274	939	2
318	320	1
276	320	-1
940	940	2
318	940	-2
320	940	-2
276	940	2
320	322	1
278	322	-1
941	941	2
320	941	-2
322	941	-2
278	941	2
322	324	1
280	324	-1
942	942	2
322	942	-2
324	942	-2
280	942	2
324	326	1
282	326	-1
943	943	2
324	943	-2
326	943	-2
282	943	2
326	328	1
284	328	-1
944	944	2
326	944	-2
328	944	-2
284	944	2
328	330	1
286	330	-1
945	945	2
328	945	-2
330	945	-2
286	945	2
330	332	1
288	332	-1
946	946	2
330	946	-2
332	946	-2
288	946	2
332	334	1
290	334	-1
947	947	2
332	947	-2
334	947	-2
290	947	2
334	336	1
292	336	-1
948	948	2
334	948	-2
336	948	-2
292	948	2
336	338	1
294	338	-1
949	949	2
336	949	-2
338	949	-2
294	949	2
338	340	1
296	340	-1
950	950	2
338	950	-2
340	950	-2
296	950	2
340	342	1
298	342	-1
951	951	2
340	951	-2
342	951	-2
298	951	2
35	299	1
35	342	1
952	952	2
299	952	-2
342	952	-2
35	952	-2
303	345	1
301	345	-1
953	953	2
303	953	-2
345	953	-2
301	953	2
345	347	1
305	347	-1
954	954	2
345	954	-2
347	954	-2
305	954	2
347	349	1
307	349	-1
955	955	2
347	955	-2
349	955	-2
307	955	2
349	351	1
309	351	-1
956	956	2
349	956	-2
351	956	-2
309	956	2
351	353	1
311	353	-1
957	957	2
351	957	-2
353	957	-2
311	957	2
353	355	1
313	355	-1
958	958	2
353	958	-2
355	958	-2
313	958	2
355	357	1
315	357	-1
959	959	2
355	959	-2
357	959	-2
315	959	2
357	359	1
317	359	-1
960	960	2
357	960	-2
359	960	-2
317	960	2
359	361	1
319	361	-1
961	961	2
359	961	-2
361	961	-2
319	961	2
361	363	1
321	363	-1
962	962	2
361	962	-2
363	962	-2
321	962	2
363	365	1
323	365	-1
963	963	2
363	963	-2
365	963	-2
323	963	2
365	367	1
325	367	-1
964	964	2
365	964	-2
367	964	-2
325	964	2
367	369	1
327	369	-1
965	965	2
367	965	-2
369	965	-2
327	965	2
369	371	1
329	371	-1
966	966	2
369	966	-2
371	966	-2
329	966	2
371	373	1
331	373	-1
967	967	2
371	967	-2
373	967	-2
331	967	2
373	375	1
333	375	-1
968	968	2
373	968	-2
375	968	-2
333	968	2
375	377	1
335	377	-1
969	969	2
375	969	-2
377	969	-2
335	969	2
377	379	1
337	379	-1
970	970	2
377	970	-2
379	970	-2
337	970	2
379	381	1
339	381	-1
971	971	2
379	971	-2
381	971	-2
339	971	2
381	383	1
341	383	-1
972	972	2
381	972	-2
383	972	-2
341	972	2
344	383	1
343	344	-1
973	973	2
344	973	-2
383	973	-2
343	973	2
348	386	1
346	386	-1
974	974	2
348	974	-2
386	974	-2
346	974	2
386	388	1
350	388	-1
975	975	2
386	975	-2
388	975	-2
350	975	2
388	390	1
352	390	-1
976	976	2
388	976	-2
390	976	-2
352	976	2
390	392	1
354	392	-1
977	977	2
390	977	-2
392	977	-2
354	977	2
392	394	1
356	394	-1
978	978	2
392	978	-2
394	978	-2
356	978	2
394	396	1
358	396	-1
979	979	2
394	979	-2
396	979	-2
358	979	2
396	398	1
360	398	-1
980	980	2
396	980	-2
398	980	-2
360	980	2
398	400	1
362	400	-1
981	981	2
398	981	-2
400	981	-2
362	981	2
400	402	1
364	402	-1
982	982	2
400	982	-2
402	982	-2
364	982	2
402	404	1
366	404	-1
983	983	2
402	983	-2
404	983	-2
366	983	2
404	406	1
368	406	-1
984	984	2
404	984	-2
406	984	-2
368	984	2
406	408	1
370	408	-1
985	985	2
406	985	-2
408	985	-2
370	985	2
408	410	1
372	410	-1
986	986	2
408	986	-2
410	986	-2
372	986	2
410	412	1
374	412	-1
987	987	2
410	987	-2
412	987	-2
374	987	2
412	414	1
376	414	-1
988	988	2
412	988	-2
414	988	-2
376	988	2
414	416	1
378	416	-1
989	989	2
414	989	-2
416	989	-2
378	989	2
416	418	1
380	418	-1
990	990	2
416	990	-2
418	990	-2
380	990	2
418	420	1
382	420	-1
991	991	2
418	991	-2
420	991	-2
382	991	2
420	422	1
384	422	-1
992	992	2
420	992	-2
422	992	-2
384	992	2
344	385	-1
344	422	-1
993	993	2
385	993	-2
422	993	-2
344	993	2
389	425	1
387	425	-1
994	994	2
389	994	-2
425	994	-2
387	994	2
425	427	1
391	427	-1
995	995	2
425	995	-2
427	995	-2
391	995	2
427	429	1
393	429	-1
996	996	2
427	996	-2
429	996	-2
393	996	2
429	431	1
395	431	-1
997	997	2
429	997	-2
431	997	-2
395	997	2
431	433	1
397	433	-1
998	998	2
431	998	-2
433	998	-2
397	998	2
433	435	1
399	435	-1
999	999	2
433	999	-2
435	999	-2
399	999	2
435	437	1
401	437	-1
1000	1000	2
435	1000	-2
437	1000	-2
401	1000	2
437	439	1
403	439	-1
1001	1001	2
437	1001	-2
439	1001	-2
403	1001	2
439	441	1
405	441	-1
1002	1002	2
439	1002	-2
441	1002	-2
405	1002	2
441	443	1
407	443	-1
1003	1003	2
441	1003	-2
443	1003	-2
407	1003	2
443	445	1
409	445	-1
1004	1004	2
443	1004	-2
445	1004	-2
409	1004	2
445	447	1
411	447	-1
1005	1005	2
445	1005	-2
447	1005	-2
411	1005	2
447	449	1
413	449	-1
1006	1006	2
447	1006	-2
449	1006	-2
413	1006	2
449	451	1
415	451	-1
1007	1007	2
449	1007	-2
451	1007	-2
415	1007	2
451	453	1
417	453	-1
1008	1008	2
451	1008	-2
453	1008	-2
417	1008	2
453	455	1
419	455	-1
1009	1009	2
453	1009	-2
455	1009	-2
419	1009	2
455	457	1
421	457	-1
1010	1010	2
455	1010	-2
457	1010	-2
421	1010	2
457	459	1
423	459	-1
1011	1011	2
457	1011	-2
459	1011	-2
423	1011	2
344	424	-1
344	459	-1
1012	1012	2
424	1012	-2
459	1012	-2
344	1012	2
428	462	1
426	462	-1
1013	1013	2
428	1013	-2
462	1013	-2
426	1013	2
462	464	1
430	464	-1
1014	1014	2
462	1014	-2
464	1014	-2
430	1014	2
464	466	1
432	466	-1
1015	1015	2
464	1015	-2
466	1015	-2
432	1015	2
466	468	1
434	468	-1
1016	1016	2
466	1016	-2
468	1016	-2
434	1016	2
468	470	1
436	470	-1
1017	1017	2
468	1017	-2
470	1017	-2
436	1017	2
470	472	1
438	472	-1
1018	1018	2
470	1018	-2
472	1018	-2
438	1018	2
472	474	1
440	474	-1
1019	1019	2
472	1019	-2
474	1019	-2
440	1019	2
474	476	1
442	476	-1
1020	1020	2
474	1020	-2
476	1020	-2
442	1020	2
476	478	1
444	478	-1
1021	1021	2
476	1021	-2
478	1021	-2
444	1021	2
478	480	1
446	480	-1
1022	1022	2
478	1022	-2
480	1022	-2
446	1022	2
480	482	1
448	482	-1
1023	1023	2
480	1023	-2
482	1023	-2
448	1023	2
482	484	1
450	484	-1
1024	1024	2
482	1024	-2
484	1024	-2
450	1024	2
484	486	1
452	486	-1
1025	1025	2
484	1025	-2
486	1025	-2
452	1025	2
486	488	1
454	488	-1
1026	1026	2
486	1026	-2
488	1026	-2
454	1026	2
488	490	1
456	490	-1
1027	1027	2
488	1027	-2
490	1027	-2
456	1027	2
490	492	1
458	492	-1
1028	1028	2
490	1028	-2
492	1028	-2
458	1028	2
492	494	1
460	494	-1
1029	1029	2
492	1029	-2
494	1029	-2
460	1029	2
344	461	-1
344	494	-1
1030	1030	2
461	1030	-2
494	1030	-2
344	1030	2
465	497	1
463	497	-1
1031	1031	2
465	1031	-2
497	1031	-2
463	1031	2
497	499	1
467	499	-1
1032	1032	2
497	1032	-2
499	1032	-2
467	1032	2
499	501	1
469	501	-1
1033	1033	2
499	1033	-2
501	1033	-2
469	1033	2
501	503	1
471	503	-1
1034	1034	2
501	1034	-2
503	1034	-2
471	1034	2
503	505	1
473	505	-1
1035	1035	2
503	1035	-2
505	1035	-2
473	1035	2
505	507	1
475	507	-1
1036	1036	2
505	1036	-2
507	1036	-2
475	1036	2
507	509	1
477	509	-1
1037	1037	2
507	1037	-2
509	1037	-2
477	1037	2
509	511	1
479	511	-1
1038	1038	2
509	1038	-2
511	1038	-2
479	1038	2
511	513	1
481	513	-1
1039	1039	2
511	1039	-2
513	1039	-2
481	1039	2
513	515	1
483	515	-1
1040	1040	2
513	1040	-2
515	1040	-2
483	1040	2
515	517	1
485	517	-1
1041	1041	2
515	1041	-2
517	1041	-2
485	1041	2
517	519	1
487	519	-1
1042	1042	2
517	1042	-2
519	1042	-2
487	1042	2
519	521	1
489	521	-1
1043	1043	2
519	1043	-2
521	1043	-2
489	1043	2
521	523	1
491	523	-1
1044	1044	2
521	1044	-2
523	1044	-2
491	1044	2
523	525	1
493	525	-1
1045	1045	2
523	1045	-2
525	1045	-2
493	1045	2
525	527	1
495	527	-1
1046	1046	2
525	1046	-2
527	1046	-2
495	1046	2
344	496	-1
344	527	-1
1047	1047	2
496	1047	-2
527	1047	-2
344	1047	2
500	530	1
498	530	-1
1048	1048	2
500	1048	-2
530	1048	-2
498	1048	2
530	532	1
502	532	-1
1049	1049	2
530	1049	-2
532	1049	-2
502	1049	2
532	534	1
504	534	-1
1050	1050	2
532	1050	-2
534	1050	-2
504	1050	2
534	536	1
506	536	-1
1051	1051	2
534	1051	-2
536	1051	-2
506	1051	2
536	538	1
508	538	-1
1052	1052	2
536	1052	-2
538	1052	-2
508	1052	2
538	540	1
510	540	-1
1053	1053	2
538	1053	-2
540	1053	-2
510	1053	2
540	542	1
512	542	-1
1054	1054	2
540	1054	-2
542	1054	-2
512	1054	2
542	544	1
514	544	-1
1055	1055	2
542	1055	-2
544	1055	-2
514	1055	2
544	546	1
516	546	-1
1056	1056	2
544	1056	-2
546	1056	-2
516	1056	2
546	548	1
518	548	-1
1057	1057	2
546	1057	-2
548	1057	-2
518	1057	2
548	550	1
520	550	-1
1058	1058	2
548	1058	-2
550	1058	-2
520	1058	2
550	552	1
522	552	-1
1059	1059	2
550	1059	-2
552	1059	-2
522	1059	2
552	554	1
524	554	-1
1060	1060	2
552	1060	-2
554	1060	-2
524	1060	2
554	556	1
526	556	-1
1061	1061	2
554	1061	-2
556	1061	-2
526	1061	2
556	558	1
528	558	-1
1062	1062	2
556	1062	-2
558	1062	-2
528	1062	2
344	529	-1
344	558	-1
1063	1063	2
529	1063	-2
558	1063	-2
344	1063	2
533	561	1
531	561	-1
1064	1064	2
533	1064	-2
561	1064	-2
531	1064	2
561	563	1
535	563	-1
1065	1065	2
561	1065	-2
563	1065	-2
535	1065	2
563	565	1
537	565	-1
1066	1066	2
563	1066	-2
565	1066	-2
537	1066	2
565	567	1
539	567	-1
1067	1067	2
565	1067	-2
567	1067	-2
539	1067	2
567	569	1
541	569	-1
1068	1068	2
567	1068	-2
569	1068	-2
541	1068	2
569	571	1
543	571	-1
1069	1069	2
569	1069	-2
571	1069	-2
543	1069	2
571	573	1
545	573	-1
1070	1070	2
571	1070	-2
573	1070	-2
545	1070	2
573	575	1
547	575	-1
1071	1071	2
573	1071	-2
575	1071	-2
547	1071	2
575	577	1
549	577	-1
1072	1072	2
575	1072	-2
577	1072	-2
549	1072	2
577	579	1
551	579	-1
1073	1073	2
577	1073	-2
579	1073	-2
551	1073	2
579	581	1
553	581	-1
1074	1074	2
579	1074	-2
581	1074	-2
553	1074	2
581	583	1
555	583	-1
1075	1075	2
581	1075	-2
583	1075	-2
555	1075	2
583	585	1
557	585	-1
1076	1076	2
583	1076	-2
585	1076	-2
557	1076	2
585	587	1
559	587	-1
1077	1077	2
585	1077	-2
587	1077	-2
559	1077	2
344	560	-1
344	587	-1
1078	1078	2
560	1078	-2
587	1078	-2
344	1078	2
564	590	1
562	590	-1
1079	1079	2
564	1079	-2
590	1079	-2
562	1079	2
590	592	1
566	592	-1
1080	1080	2
590	1080	-2
592	1080	-2
566	1080	2
592	594	1
568	594	-1
1081	1081	2
592	1081	-2
594	1081	-2
568	1081	2
594	596	1
570	596	-1
1082	1082	2
594	1082	-2
596	1082	-2
570	1082	2
596	598	1
572	598	-1
1083	1083	2
596	1083	-2
598	1083	-2
572	1083	2
598	600	1
574	600	-1
1084	1084	2
598	1084	-2
600	1084	-2
574	1084	2
600	602	1
576	602	-1
1085	1085	2
600	1085	-2
602	1085	-2
576	1085	2
602	604	1
578	604	-1
1086	1086	2
602	1086	-2
604	1086	-2
578	1086	2
604	606	1
580	606	-1
1087	1087	2
604	1087	-2
606	1087	-2
580	1087	2
606	608	1
582	608	-1
1088	1088	2
606	1088	-2
608	1088	-2
582	1088	2
608	610	1
584	610	-1
1089	1089	2
608	1089	-2
610	1089	-2
584	1089	2
610	612	1
586	612	-1
1090	1090	2
610	1090	-2
612	1090	-2
586	1090	2
612	614	1
588	614	-1
1091	1091	2
612	1091	-2
614	1091	-2
588	1091	2
344	589	-1
344	614	-1
1092	1092	2
589	1092	-2
614	1092	-2
344	1092	2
593	617	1
591	617	-1
1093	1093	2
593	1093	-2
617	1093	-2
591	1093	2
617	619	1
595	619	-1
1094	1094	2
617	1094	-2
619	1094	-2
595	1094	2
619	621	1
597	621	-1
1095	1095	2
619	1095	-2
621	1095	-2
597	1095	2
621	623	1
599	623	-1
1096	1096	2
621	1096	-2
623	1096	-2
599	1096	2
623	625	1
601	625	-1
1097	1097	2
623	1097	-2
625	1097	-2
601	1097	2
625	627	1
603	627	-1
1098	1098	2
625	1098	-2
627	1098	-2
603	1098	2
627	629	1
605	629	-1
1099	1099	2
627	1099	-2
629	1099	-2
605	1099	2
629	631	1
607	631	-1
1100	1100	2
629	1100	-2
631	1100	-2
607	1100	2
631	633	1
609	633	-1
1101	1101	2
631	1101	-2
633	1101	-2
609	1101	2
633	635	1
611	635	-1
1102	1102	2
633	1102	-2
635	1102	-2
611	1102	2
635	637	1
613	637	-1
1103	1103	2
635	1103	-2
637	1103	-2
613	1103	2
637	639	1
615	639	-1
1104	1104	2
637	1104	-2
639	1104	-2
615	1104	2
344	616	-1
344	639	-1
1105	1105	2
616	1105	-2
639	1105	-2
344	1105	2
620	642	1
618	642	-1
1106	1106	2
620	1106	-2
642	1106	-2
618	1106	2
642	644	1
622	644	-1
1107	1107	2
642	1107	-2
644	1107	-2
622	1107	2
644	646	1
624	646	-1
1108	1108	2
644	1108	-2
646	1108	-2
624	1108	2
646	648	1
626	648	-1
1109	1109	2
646	1109	-2
648	1109	-2
626	1109	2
648	650	1
628	650	-1
1110	1110	2
648	1110	-2
650	1110	-2
628	1110	2
650	652	1
630	652	-1
1111	1111	2
650	1111	-2
652	1111	-2
630	1111	2
652	654	1
632	654	-1
1112	1112	2
652	1112	-2
654	1112	-2
632	1112	2
654	656	1
634	656	-1
1113	1113	2
654	1113	-2
656	1113	-2
634	1113	2
656	658	1
636	658	-1
1114	1114	2
656	1114	-2
658	1114	-2
636	1114	2
658	660	1
638	660	-1
1115	1115	2
658	1115	-2
660	1115	-2
638	1115	2
660	662	1
640	662	-1
1116	1116	2
660	1116	-2
662	1116	-2
640	1116	2
344	641	-1
344	662	-1
1117	1117	2
641	1117	-2
662	1117	-2
344	1117	2
645	665	1
643	665	-1
1118	1118	2
645	1118	-2
665	1118	-2
643	1118	2
665	667	1
647	667	-1
1119	1119	2
665	1119	-2
667	1119	-2
647	1119	2
667	669	1
649	669	-1
1120	1120	2
667	1120	-2
669	1120	-2
649	1120	2
669	671	1
651	671	-1
1121	1121	2
669	1121	-2
671	1121	-2
651	1121	2
671	673	1
653	673	-1
1122	1122	2
671	1122	-2
673	1122	-2
653	1122	2
673	675	1
655	675	-1
1123	1123	2
673	1123	-2
675	1123	-2
655	1123	2
675	677	1
657	677	-1
1124	1124	2
675	1124	-2
677	1124	-2
657	1124	2
677	679	1
659	679	-1
1125	1125	2
677	1125	-2
679	1125	-2
659	1125	2
679	681	1
661	681	-1
1126	1126	2
679	1126	-2
681	1126	-2
661	1126	2
681	683	1
663	683	-1
1127	1127	2
681	1127	-2
683	1127	-2
663	1127	2
344	664	-1
344	683	-1
1128	1128	2
664	1128	-2
683	1128	-2
344	1128	2
668	686	1
666	686	-1
1129	1129	2
668	1129	-2
686	1129	-2
666	1129	2
686	688	1
670	688	-1
1130	1130	2
686	1130	-2
688	1130	-2
670	1130	2
688	690	1
672	690	-1
1131	1131	2
688	1131	-2
690	1131	-2
672	1131	2
690	692	1
674	692	-1
1132	1132	2
690	1132	-2
692	1132	-2
674	1132	2
692	694	1
676	694	-1
1133	1133	2
692	1133	-2
694	1133	-2
676	1133	2
694	696	1
678	696	-1
1134	1134	2
694	1134	-2
696	1134	-2
678	1134	2
696	698	1
680	698	-1
1135	1135	2
696	1135	-2
698	1135	-2
680	1135	2
698	700	1
682	700	-1
1136	1136	2
698	1136	-2
700	1136	-2
682	1136	2
700	702	1
684	702	-1
1137	1137	2
700	1137	-2
702	1137	-2
684	1137	2
344	685	-1
344	702	-1
1138	1138	2
685	1138	-2
702	1138	-2
344	1138	2
689	705	1
687	705	-1
1139	1139	2
689	1139	-2
705	1139	-2
687	1139	2
705	707	1
691	707	-1
1140	1140	2
705	1140	-2
707	1140	-2
691	1140	2
707	709	1
693	709	-1
1141	1141	2
707	1141	-2
709	1141	-2
693	1141	2
709	711	1
695	711	-1
1142	1142	2
709	1142	-2
711	1142	-2
695	1142	2
711	713	1
697	713	-1
1143	1143	2
711	1143	-2
713	1143	-2
697	1143	2
713	715	1
699	715	-1
1144	1144	2
713	1144	-2
715	1144	-2
699	1144	2
715	717	1
701	717	-1
1145	1145	2
715	1145	-2
717	1145	-2
701	1145	2
717	719	1
703	719	-1
1146	1146	2
717	1146	-2
719	1146	-2
703	1146	2
344	704	-1
344	719	-1
1147	1147	2
704	1147	-2
719	1147	-2
344	1147	2
708	722	1
706	722	-1
1148	1148	2
708	1148	-2
722	1148	-2
706	1148	2
722	724	1
710	724	-1
1149	1149	2
722	1149	-2
724	1149	-2
710	1149	2
724	726	1
712	726	-1
1150	1150	2
724	1150	-2
726	1150	-2
712	1150	2
726	728	1
714	728	-1
1151	1151	2
726	1151	-2
728	1151	-2
714	1151	2
728	730	1
716	730	-1
1152	1152	2
728	1152	-2
730	1152	-2
716	1152	2
730	732	1
718	732	-1
1153	1153	2
730	1153	-2
732	1153	-2
718	1153	2
732	734	1
720	734	-1
1154	1154	2
732	1154	-2
734	1154	-2
720	1154	2
344	721	-1
344	734	-1
1155	1155	2
721	1155	-2
734	1155	-2
344	1155	2
725	737	1
723	737	-1
1156	1156	2
725	1156	-2
737	1156	-2
723	1156	2
737	739	1
727	739	-1
1157	1157	2
737	1157	-2
739	1157	-2
727	1157	2
739	741	1
729	741	-1
1158	1158	2
739	1158	-2
741	1158	-2
729	1158	2
741	743	1
731	743	-1
1159	1159	2
741	1159	-2
743	1159	-2
731	1159	2
743	745	1
733	745	-1
1160	1160	2
743	1160	-2
745	1160	-2
733	1160	2
745	747	1
735	747	-1
1161	1161	2
745	1161	-2
747	1161	-2
735	1161	2
344	736	-1
344	747	-1
1162	1162	2
736	1162	-2
747	1162	-2
344	1162	2
740	750	1
738	750	-1
1163	1163	2
740	1163	-2
750	1163	-2
738	1163	2
750	752	1
742	752	-1
1164	1164	2
750	1164	-2
752	1164	-2
742	1164	2
752	754	1
744	754	-1
1165	1165	2
752	1165	-2
754	1165	-2
744	1165	2
754	756	1
746	756	-1
1166	1166	2
754	1166	-2
756	1166	-2
746	1166	2
756	758	1
748	758	-1
1167	1167	2
756	1167	-2
758	1167	-2
748	1167	2
344	749	-1
344	758	-1
1168	1168	2
749	1168	-2
758	1168	-2
344	1168	2
753	761	1
751	761	-1
1169	1169	2
753	1169	-2
761	1169	-2
751	1169	2
761	763	1
755	763	-1
1170	1170	2
761	1170	-2
763	1170	-2
755	1170	2
763	765	1
757	765	-1
1171	1171	2
763	1171	-2
765	1171	-2
757	1171	2
765	767	1
759	767	-1
1172	1172	2
765	1172	-2
767	1172	-2
759	1172	2
344	760	-1
344	767	-1
1173	1173	2
760	1173	-2
767	1173	-2
344	1173	2
764	771	1
762	771	-1
1174	1174	2
764	1174	-2
771	1174	-2
762	1174	2
771	773	1
766	773	-1
1175	1175	2
771	1175	-2
773	1175	-2
766	1175	2
775	775	-2
773	775	1
768	775	-1
1176	1176	2
773	1176	-2
775	1176	-2
768	1176	2
769	775	1
344	769	-1
344	775	-1
1177	1177	2
769	1177	-2
775	1177	-2
344	1177	2
772	778	1
770	778	-1
1178	1178	2
772	1178	-2
778	1178	-2
770	1178	2
778	780	1
774	780	-1
1179	1179	2
778	1179	-2
780	1179	-2
774	1179	2
780	782	1
776	782	-1
1180	1180	2
780	1180	-2
782	1180	-2
776	1180	2
344	777	-1
344	782	-1
1181	1181	2
777	1181	-2
782	1181	-2
344	1181	2
781	786	1
779	786	-1
1182	1182	2
781	1182	-2
786	1182	-2
779	1182	2
786	788	1
783	788	-1
1183	1183	2
786	1183	-2
788	1183	-2
783	1183	2
788	790	1
784	790	-1
1184	1184	2
788	1184	-2
790	1184	-2
784	1184	2
344	785	-1
344	790	-1
1185	1185	2
785	1185	-2
790	1185	-2
344	1185	2
789	793	1
787	793	-1
1186	1186	2
789	1186	-2
793	1186	-2
787	1186	2
793	794	1
791	794	-1
1187	1187	2
793	1187	-2
794	1187	-2
791	1187	2
344	792	-1
344	794	-1
1188	1188	2
792	1188	-2
794	1188	-2
344	1188	2